0
-1
-3
-5
5
28
44
66
95
116
118
116
96
68
35
-4
-44
-77
-105
-125
-126
-125
-105
-78
-45
-5
34
67
96
116
118
116
96
67
34
-5
-45
-78
-105
-125
-126
-125
-105
-78
-45
-5
34
67
96
116
118
116
96
68
35
-4
-44
-77
-105
-125
-126
-125
-105
-77
-44
-4
35
68
96
116
118
116
96
68
35
-4
-44
-77
-105
-125
-126
-125
-105
-78
-45
-5
34
67
96
116
118
116
96
67
34
-5
-45
-78
-105
-125
-126
-125
-105
-78
-45
-5
34
67
96
116
118
116
96
68
35
-4
-44
-77
-105
-125
-126
-125
-105
-77
-44
-4
35
68
96
116
118
116
96
68
35
-4
-44
-77
-105
-125
-126
-125
-105
-78
-45
-5
34
67
96
116
118
116
96
68
35
-4
-44
-77
-105
-125
-126
-125
-105
-78
-45
-5
34
67
96
116
118
116
96
67
34
-5
-45
-78
-105
-125
-126
-125
-105
-77
-44
-4
35
68
96
116
118
116
96
68
35
-4
-44
-77
-105
-125
-126
