0
-1
-3
-4
7
29
46
68
99
118
123
119
101
72
39
0
-40
-73
-102
-120
-124
-120
-102
-73
-40
0
39
72
101
119
123
119
101
72
39
0
-40
-73
-102
-120
-124
-120
-102
-73
-40
-1
39
72
101
119
123
119
101
72
39
0
-40
-73
-102
-120
-124
-120
-102
-73
-40
0
39
72
101
119
123
119
101
72
39
0
-40
-73
-102
-120
-124
-120
-102
-73
-40
0
39
72
101
119
123
119
101
72
39
-1
-40
-73
-102
-120
-124
-120
-102
-73
-40
-1
39
72
101
119
123
119
101
72
39
0
-40
-73
-102
-120
-124
-120
-102
-73
-40
0
39
72
101
119
123
119
101
72
39
-1
-40
-73
-102
-120
-124
-120
-102
-73
-40
-1
39
72
101
119
123
119
101
72
39
0
-40
-73
-102
-120
-124
-120
-102
-73
-40
-1
39
72
101
119
123
119
101
72
39
-1
-40
-73
-102
-120
-124
-120
-102
-73
-40
0
39
72
101
119
123
119
101
72
39
0
-40
-73
-102
-120
-124
