0
-4
-4
-8
0
24
36
56
88
108
112
108
84
52
20
-16
-56
-88
-120
-144
-144
-144
-120
-92
-60
-20
16
48
84
108
112
108
84
48
16
-20
-60
-92
-120
-144
-144
-144
-120
-92
-60
-20
16
48
84
108
112
108
84
52
20
-16
-56
-88
-120
-144
-144
-144
-120
-88
-56
-16
20
52
84
108
112
108
84
52
20
-16
-56
-88
-120
-144
-144
-144
-120
-92
-60
-20
16
48
84
108
112
108
84
48
16
-20
-60
-92
-120
-144
-144
-144
-120
-92
-60
-20
16
48
84
108
112
108
84
52
20
-16
-56
-88
-120
-144
-144
-144
-120
-88
-56
-16
20
52
84
108
112
108
84
52
20
-16
-56
-88
-120
-144
-144
-144
-120
-92
-60
-20
16
48
84
108
112
108
84
52
20
-16
-56
-88
-120
-144
-144
-144
-120
-92
-60
-20
16
48
84
108
112
108
84
48
16
-20
-60
-92
-120
-144
-144
-144
-120
-88
-56
-16
20
52
84
108
112
108
84
52
20
-16
-56
-88
-120
-144
-144
