0
-2
-4
-6
2
26
42
62
92
112
112
112
92
62
32
-8
-50
-80
-110
-130
-128
-130
-110
-82
-52
-10
30
60
92
112
112
112
92
60
30
-10
-52
-82
-110
-130
-128
-130
-110
-82
-52
-10
30
60
92
112
112
112
92
62
32
-8
-50
-80
-110
-130
-128
-130
-110
-80
-50
-8
32
62
92
112
112
112
92
62
32
-8
-50
-80
-110
-130
-128
-130
-110
-82
-52
-10
30
60
92
112
112
112
92
60
30
-10
-52
-82
-110
-130
-128
-130
-110
-82
-52
-10
30
60
92
112
112
112
92
62
32
-8
-50
-80
-110
-130
-128
-130
-110
-80
-50
-8
32
62
92
112
112
112
92
62
32
-8
-50
-80
-110
-130
-128
-130
-110
-82
-52
-10
30
60
92
112
112
112
92
62
32
-8
-50
-80
-110
-130
-128
-130
-110
-82
-52
-10
30
60
92
112
112
112
92
60
30
-10
-52
-82
-110
-130
-128
-130
-110
-80
-50
-8
32
62
92
112
112
112
92
62
32
-8
-50
-80
-110
-130
-128
